344 54 88
194 313 10000
223 255 10000
186 276 10000
8 51 10000
96 31 10000
196 298 10000
343 34 10000
316 274 10000
65 115 10000
18 171 10000
210 192 10000
73 104 10000
64 313 10000
331 152 10000
251 257 10000
269 324 10000
171 27 10000
27 243 10000
34 37 10000
229 103 10000
215 121 10000
222 132 10000
189 108 10000
54 308 10000
148 130 10000
216 66 10000
300 278 10000
344 278 10000
304 131 10000
170 51 10000
37 126 10000
169 117 10000
166 315 10000
274 67 10000
319 292 10000
327 296 10000
125 260 10000
141 239 10000
291 337 10000
209 37 10000
297 211 10000
131 216 10000
91 233 10000
202 213 10000
291 284 10000
13 48 10000
1 67 10000
162 141 10000
25 304 10000
325 250 10000
93 79 10000
158 170 10000
22 38 10000
253 232 10000